0.00
0.00
0.00
0.00
-0.04
0.00
0.00
0.00
0.00
0.00
0.00
0.00
0.00
0.00
-0.04
-0.04
0.00
0.00
0.00
0.00
0.04
0.00
0.00
0.04
0.00
0.00
0.04
0.04
0.04
0.04
0.04
0.04
0.04
0.04
0.04
0.04
0.04
0.08
0.04
0.04
0.04
0.04
0.04
0.08
0.08
0.04
0.08
0.04
0.08
0.04
0.04
0.08
0.08
0.08
0.08
0.08
0.12
0.08
0.08
0.08
0.08
0.08
0.12
0.12
0.12
0.12
0.12
0.12
0.16
0.12
0.12
0.12
0.12
0.16
0.16
0.12
0.12
0.16
0.16
0.16
0.16
0.16
0.16
0.16
0.16
0.16
0.16
0.16
0.16
0.16
0.16
0.16
0.16
0.16
0.16
0.16
0.16
0.16
0.16
0.16
0.16
0.16
0.20
0.16
0.16
0.16
0.16
0.16
0.16
0.16
0.16
0.16
0.16
0.20
0.20
0.16
0.16
0.16
0.16
0.16
0.16
0.16
0.16
0.16
0.20
0.16
0.16
0.12
0.16
0.16
0.16
0.16
0.20
0.16
0.16
0.16
0.20
0.16
0.16
0.16
0.12
0.16
0.16
0.16
0.16
0.12
0.12
0.16
0.16
0.16
0.16
0.16
0.16
0.12
0.12
0.12
0.12
0.16
0.16
0.16
0.16
0.16
0.16
0.16
0.16
0.16
0.16
0.16
0.12
0.16
0.16
0.16
0.16
0.16
0.16
0.16
0.16
0.16
0.16
0.16
0.16
0.16
0.16
0.16
0.16
0.16
0.16
0.16
0.16
0.16
0.16
0.16
0.12
0.12
0.12
0.12
0.16
0.16
0.16
0.16
0.16
0.16
0.12
0.16
0.16
0.16
0.16
0.16
0.16
0.16
0.16
0.16
0.16
0.16
0.16
0.20
0.16
0.16
0.16
0.16
0.16
0.16
0.16
0.16
0.16
0.20
0.16
0.16
0.16
0.16
0.16
0.16
0.16
0.20
0.20
0.20
0.20
0.20
0.20
0.20
0.16
0.16
0.20
0.16
0.16
0.20
0.20
0.16
0.20
0.20
0.16
0.16
0.16
0.20
0.20
0.20
0.20
0.20
0.20
0.16
0.16
0.20
0.20
0.16
0.16
0.20
0.20
0.20
0.16
0.16
0.20
0.20
0.20
0.16
0.16
0.16
0.20
0.20
0.16
0.20
0.20
0.20
0.24
0.20
0.20
0.20
0.24
0.20
0.20
0.16
0.20
0.16
0.20
0.20
0.20
0.20
0.16
0.16
0.20
0.20
0.20
0.20
0.20
0.20
0.20
0.20
0.20
0.16
0.20
0.16
0.16
0.20
0.20
0.16
0.16
0.20
0.20
0.20
0.16
0.16
0.16
0.16
0.16
0.16
0.16
0.20
0.20
0.16
0.20
0.20
0.16
0.16
0.20
0.16
0.20
0.16
0.16
0.16
0.16
0.16
0.16
0.16
0.20
0.20
0.20
0.16
0.16
0.20
0.20
0.16
0.16
0.20
0.20
0.20
0.20
0.20
0.16
0.20
0.16
0.20
0.16
0.20
0.20
0.20
0.16
0.16
0.16
0.16
0.16
0.16
0.20
0.20
0.20
0.16
0.16
0.16
0.20
0.16
0.16
0.16
0.20
0.16
0.20
0.20
0.16
0.16
0.16
0.20
0.16
0.16
0.16
0.16
0.16
0.16
0.20
0.16
0.16
0.16
0.16
0.20
0.16
0.16
0.16
0.16
0.20
0.20
0.20
0.16
0.16
0.16
0.16
0.16
0.16
0.20
0.16
0.16
0.16
0.16
0.20
0.20
0.20
0.16
0.16
0.20
0.20
0.20
0.20
0.20
0.20
