26.29,1007.24,51.95,-9.41,5008.08,2021-8-13 11:51:8
26.29,1007.24,51.95,-7.54,5007.81,2021-8-13 11:51:8
26.29,1007.24,51.95,-7.19,813.83,2021-8-13 11:51:9
26.29,1007.24,51.95,-7.19,899.06,2021-8-13 11:51:10
26.29,1007.25,51.93,-7.30,899.33,2021-8-13 11:51:10
26.29,1007.25,51.93,-7.19,2580.43,2021-8-13 11:51:11
26.29,1007.25,51.93,-7.42,1305.22,2021-8-13 11:51:11
26.29,1007.25,51.93,-6.95,1004.26,2021-8-13 11:51:12
26.30,1007.26,51.80,-2.38,972.83,2021-8-13 11:51:12
26.30,1007.26,51.80,-2.38,992.28,2021-8-13 11:51:13
26.30,1007.26,51.80,-2.15,1014.91,2021-8-13 11:51:13
26.30,1007.27,51.74,-2.03,1032.76,2021-8-13 11:51:14
26.30,1007.27,51.74,-1.91,1035.69,2021-8-13 11:51:15
26.30,1007.27,51.74,-2.38,1042.35,2021-8-13 11:51:15
26.30,1007.27,51.74,-2.03,1049.01,2021-8-13 11:51:16
26.30,1007.25,51.94,-1.80,1057.26,2021-8-13 11:51:16
26.30,1007.25,51.94,-2.03,1062.59,2021-8-13 11:51:17
26.30,1007.25,51.94,-1.68,1066.58,2021-8-13 11:51:17
26.30,1007.27,51.74,-2.03,1067.12,2021-8-13 11:51:18
26.30,1007.27,51.74,-1.68,1077.77,2021-8-13 11:51:18
26.30,1007.27,51.74,-2.15,1083.36,2021-8-13 11:51:19
26.30,1007.27,51.74,-1.80,1084.16,2021-8-13 11:51:20
26.29,1007.25,51.88,-1.80,1084.96,2021-8-13 11:51:20
26.29,1007.25,51.88,-1.80,1087.62,2021-8-13 11:51:21
26.29,1007.25,51.88,-1.68,1087.62,2021-8-13 11:51:21
26.29,1007.25,51.88,-1.45,1088.42,2021-8-13 11:51:22
26.29,1007.26,51.79,-1.56,1077.77,2021-8-13 11:51:22
26.29,1007.26,51.79,-2.03,1082.56,2021-8-13 11:51:23
26.29,1007.26,51.79,-1.80,1083.36,2021-8-13 11:51:24
26.30,1007.26,51.84,-1.56,1086.03,2021-8-13 11:51:24
26.30,1007.26,51.84,-1.80,1088.16,2021-8-13 11:51:25
26.30,1007.26,51.84,-1.68,1091.62,2021-8-13 11:51:25
26.30,1007.26,51.84,-1.80,1091.09,2021-8-13 11:51:26
26.30,1007.27,51.69,-1.56,1101.21,2021-8-13 11:51:26
26.30,1007.27,51.69,-1.91,1102.01,2021-8-13 11:51:27
26.30,1007.27,51.69,-1.80,1103.60,2021-8-13 11:51:27
26.30,1007.27,51.69,-1.45,1099.61,2021-8-13 11:51:28
26.29,1007.24,51.96,-1.45,1095.61,2021-8-13 11:51:29
26.29,1007.24,51.96,-1.56,1095.61,2021-8-13 11:51:29
26.29,1007.24,51.96,-1.45,1091.89,2021-8-13 11:51:30
26.30,1007.26,51.86,-1.80,1082.56,2021-8-13 11:51:30
26.30,1007.26,51.86,-1.56,1078.84,2021-8-13 11:51:31
26.30,1007.26,51.86,-0.98,1078.57,2021-8-13 11:51:31
26.30,1007.26,51.86,-1.33,1077.50,2021-8-13 11:51:32
26.31,1007.24,51.98,-1.80,1071.11,2021-8-13 11:51:32
26.31,1007.24,51.98,-1.80,1075.91,2021-8-13 11:51:33
26.31,1007.24,51.98,-1.21,1076.44,2021-8-13 11:51:34
26.31,1007.28,51.64,-1.56,1077.77,2021-8-13 11:51:34
26.31,1007.28,51.64,-1.68,1080.70,2021-8-13 11:51:35
26.31,1007.28,51.64,-1.68,1084.96,2021-8-13 11:51:35
26.31,1007.28,51.64,-1.56,1082.83,2021-8-13 11:51:36
26.31,1007.27,51.77,-1.33,1081.76,2021-8-13 11:51:36
26.31,1007.27,51.77,-1.33,1078.57,2021-8-13 11:51:37
26.31,1007.27,51.77,-1.56,1079.37,2021-8-13 11:51:37
26.31,1007.27,51.77,-1.45,1071.91,2021-8-13 11:51:38
26.32,1007.28,51.65,-1.33,1066.32,2021-8-13 11:51:39
26.32,1007.28,51.65,-1.45,1068.18,2021-8-13 11:51:39
26.32,1007.28,51.65,-1.33,1064.19,2021-8-13 11:51:40
26.32,1007.25,51.95,-1.45,1060.99,2021-8-13 11:51:40
26.32,1007.25,51.95,-1.56,1061.52,2021-8-13 11:51:41
26.32,1007.25,51.95,-1.21,1062.06,2021-8-13 11:51:41
26.32,1007.25,51.95,-1.33,1063.39,2021-8-13 11:51:42
26.33,1007.26,51.86,-1.45,1062.59,2021-8-13 11:51:42
26.33,1007.26,51.86,-1.33,1058.59,2021-8-13 11:51:43
26.33,1007.26,51.86,-1.33,1055.13,2021-8-13 11:51:44
26.34,1007.26,51.86,-0.98,1057.00,2021-8-13 11:51:44
26.34,1007.26,51.86,-1.21,1057.53,2021-8-13 11:51:45
26.34,1007.26,51.86,-1.21,1063.12,2021-8-13 11:51:45
26.34,1007.26,51.86,-1.45,1058.06,2021-8-13 11:51:46
26.34,1007.25,51.95,-1.21,1060.72,2021-8-13 11:51:46
26.34,1007.25,51.95,-1.45,1060.19,2021-8-13 11:51:47
26.34,1007.25,51.95,-1.21,1055.13,2021-8-13 11:51:47
26.34,1007.25,51.95,-0.86,1051.40,2021-8-13 11:51:48
26.35,1007.25,51.92,-1.45,1041.02,2021-8-13 11:51:49
26.35,1007.25,51.92,-1.33,1042.35,2021-8-13 11:51:49
26.35,1007.25,51.92,-1.68,1040.75,2021-8-13 11:51:50
26.35,1007.24,51.97,-1.09,1046.34,2021-8-13 11:51:50
26.35,1007.24,51.97,-1.33,1039.95,2021-8-13 11:51:51
26.35,1007.24,51.97,-1.09,1044.21,2021-8-13 11:51:51
26.35,1007.24,51.97,-0.98,1042.88,2021-8-13 11:51:52
26.36,1007.27,51.77,-1.33,1040.75,2021-8-13 11:51:52
26.36,1007.27,51.77,-1.21,1052.20,2021-8-13 11:51:53
26.36,1007.27,51.77,-1.09,1047.14,2021-8-13 11:51:54
26.36,1007.27,51.77,-1.56,1058.59,2021-8-13 11:51:54
26.37,1007.25,51.96,-1.68,1058.86,2021-8-13 11:51:55
26.37,1007.25,51.96,-1.33,1062.06,2021-8-13 11:51:55
26.37,1007.25,51.96,-1.21,1065.25,2021-8-13 11:51:56
26.38,1007.27,51.73,-1.33,1064.72,2021-8-13 11:51:56
26.38,1007.27,51.73,-1.33,1064.45,2021-8-13 11:51:57
26.38,1007.27,51.73,-1.33,1068.45,2021-8-13 11:51:57
26.38,1007.27,51.73,-1.91,1068.71,2021-8-13 11:51:58
26.38,1007.27,51.76,-1.45,1071.11,2021-8-13 11:51:59
26.38,1007.27,51.76,-1.33,1070.85,2021-8-13 11:51:59
26.38,1007.27,51.76,-1.33,1072.44,2021-8-13 11:52:0
26.40,1007.27,51.78,-1.45,1073.24,2021-8-13 11:52:0
26.40,1007.27,51.78,-0.98,1065.52,2021-8-13 11:52:1
26.40,1007.27,51.78,-1.09,1062.85,2021-8-13 11:52:1
26.40,1007.27,51.78,-1.68,1063.92,2021-8-13 11:52:2
26.40,1007.23,52.11,-1.09,1061.52,2021-8-13 11:52:2
26.40,1007.23,52.11,-1.21,1063.92,2021-8-13 11:52:3
26.40,1007.23,52.11,-1.09,1062.85,2021-8-13 11:52:4
26.40,1007.23,52.11,-0.51,1063.92,2021-8-13 11:52:4
26.42,1007.27,51.77,-1.09,1064.72,2021-8-13 11:52:5
26.42,1007.27,51.77,-0.98,1074.31,2021-8-13 11:52:5
26.42,1007.27,51.77,-1.33,1074.31,2021-8-13 11:52:6
26.43,1007.24,52.01,-0.98,1073.77,2021-8-13 11:52:6
26.43,1007.24,52.01,-1.09,1074.84,2021-8-13 11:52:7
26.43,1007.24,52.01,-0.98,1074.57,2021-8-13 11:52:8
26.43,1007.24,52.01,-1.09,1071.91,2021-8-13 11:52:8
26.43,1007.24,52.00,-1.09,1070.05,2021-8-13 11:52:9
26.43,1007.24,52.00,-1.09,1060.72,2021-8-13 11:52:9
26.43,1007.24,52.00,-1.09,1051.67,2021-8-13 11:52:10
26.44,1007.21,52.31,-1.21,1050.34,2021-8-13 11:52:10
26.44,1007.21,52.31,-0.98,1047.94,2021-8-13 11:52:11
26.44,1007.21,52.31,-0.98,1049.80,2021-8-13 11:52:11
26.44,1007.21,52.31,-1.33,1051.14,2021-8-13 11:52:12
26.44,1007.22,52.22,-1.21,1052.73,2021-8-13 11:52:13
26.44,1007.22,52.22,-1.45,1062.85,2021-8-13 11:52:13
26.44,1007.22,52.22,-1.33,1065.25,2021-8-13 11:52:14
26.44,1007.22,52.22,-1.09,1062.85,2021-8-13 11:52:14
26.46,1007.24,52.06,-0.86,1066.05,2021-8-13 11:52:15
26.46,1007.24,52.06,-0.98,1063.65,2021-8-13 11:52:15
26.46,1007.24,52.06,-0.86,1066.58,2021-8-13 11:52:16
26.47,1007.20,52.39,-1.56,1066.85,2021-8-13 11:52:16
26.47,1007.20,52.39,-1.09,1056.20,2021-8-13 11:52:17
26.47,1007.20,52.39,-1.09,1052.73,2021-8-13 11:52:18
26.47,1007.20,52.39,-0.98,1047.14,2021-8-13 11:52:18
26.48,1007.21,52.33,-1.56,1046.08,2021-8-13 11:52:19
26.48,1007.21,52.33,-1.21,1046.88,2021-8-13 11:52:19
26.48,1007.21,52.33,-1.21,1045.81,2021-8-13 11:52:20
26.48,1007.21,52.33,-0.86,1044.74,2021-8-13 11:52:20
26.50,1007.22,52.22,-0.98,1045.54,2021-8-13 11:52:21
26.50,1007.22,52.22,-1.21,1043.15,2021-8-13 11:52:21
26.50,1007.22,52.22,-1.21,1042.88,2021-8-13 11:52:22
26.52,1007.23,52.15,-0.98,1049.54,2021-8-13 11:52:23
26.52,1007.23,52.15,-0.74,1050.34,2021-8-13 11:52:23
26.52,1007.23,52.15,-0.98,1051.94,2021-8-13 11:52:24
26.52,1007.23,52.15,-1.21,1054.60,2021-8-13 11:52:24
26.52,1007.21,52.26,-1.09,1046.08,2021-8-13 11:52:25
26.52,1007.21,52.26,-1.09,1044.74,2021-8-13 11:52:25
26.52,1007.21,52.26,-1.09,1046.34,2021-8-13 11:52:26
26.54,1007.21,52.29,-0.98,1041.81,2021-8-13 11:52:26
26.54,1007.21,52.29,-0.98,1041.28,2021-8-13 11:52:27
26.54,1007.21,52.29,-0.98,1042.35,2021-8-13 11:52:28
26.54,1007.21,52.29,-0.98,1037.02,2021-8-13 11:52:28
26.55,1007.23,52.14,-1.21,1040.75,2021-8-13 11:52:29
26.55,1007.23,52.14,-1.33,1036.22,2021-8-13 11:52:29
26.55,1007.23,52.14,-1.45,1035.69,2021-8-13 11:52:30
26.55,1007.23,52.14,-1.33,1036.49,2021-8-13 11:52:30
26.56,1007.20,52.41,-1.09,1037.02,2021-8-13 11:52:31
26.56,1007.20,52.41,-1.09,1044.48,2021-8-13 11:52:31
26.56,1007.20,52.41,-1.21,1050.60,2021-8-13 11:52:32
26.58,1007.21,52.33,-1.21,1045.28,2021-8-13 11:52:33
26.58,1007.21,52.33,-0.86,1047.67,2021-8-13 11:52:33
26.58,1007.21,52.33,-0.98,1045.54,2021-8-13 11:52:34
26.58,1007.21,52.33,-0.98,1048.47,2021-8-13 11:52:34
26.59,1007.22,52.18,-1.09,1047.94,2021-8-13 11:52:35
26.59,1007.22,52.18,-0.98,1047.94,2021-8-13 11:52:35
26.59,1007.22,52.18,-0.98,1045.81,2021-8-13 11:52:36
26.60,1007.22,52.18,-0.86,1045.28,2021-8-13 11:52:36
26.60,1007.22,52.18,-1.09,1046.88,2021-8-13 11:52:37
26.60,1007.22,52.18,-0.98,1044.48,2021-8-13 11:52:38
26.60,1007.22,52.18,-1.21,1046.61,2021-8-13 11:52:38
26.61,1007.21,52.35,-0.86,1049.80,2021-8-13 11:52:39
26.61,1007.21,52.35,-1.21,1044.21,2021-8-13 11:52:39
26.61,1007.21,52.35,-1.33,1044.21,2021-8-13 11:52:40
26.61,1007.21,52.35,-0.98,1040.22,2021-8-13 11:52:40
26.62,1007.19,52.49,-1.21,1038.09,2021-8-13 11:52:41
26.62,1007.19,52.49,-1.09,1044.74,2021-8-13 11:52:41
26.62,1007.19,52.49,-1.21,1048.74,2021-8-13 11:52:42
26.63,1007.18,52.53,-1.45,1043.68,2021-8-13 11:52:43
26.63,1007.18,52.53,-0.98,1043.95,2021-8-13 11:52:43
26.63,1007.18,52.53,-1.45,1046.34,2021-8-13 11:52:44
26.63,1007.18,52.53,-0.86,1055.40,2021-8-13 11:52:44
26.65,1007.20,52.38,-1.56,1053.53,2021-8-13 11:52:45
26.65,1007.20,52.38,-1.33,1055.93,2021-8-13 11:52:45
26.65,1007.20,52.38,-1.21,1054.07,2021-8-13 11:52:46
26.65,1007.20,52.38,-1.33,1052.47,2021-8-13 11:52:46
26.67,1007.18,52.53,-1.33,1051.14,2021-8-13 11:52:47
26.67,1007.18,52.53,-1.33,1051.40,2021-8-13 11:52:48
26.67,1007.18,52.53,-0.98,1043.68,2021-8-13 11:52:48
26.69,1007.22,52.27,-1.09,1044.74,2021-8-13 11:52:49
26.69,1007.22,52.27,-0.86,1043.68,2021-8-13 11:52:49
26.69,1007.22,52.27,-1.09,1044.21,2021-8-13 11:52:50
26.69,1007.22,52.27,-0.74,1046.34,2021-8-13 11:52:50
26.69,1007.21,52.35,-0.98,1046.08,2021-8-13 11:52:51
26.69,1007.21,52.35,-0.86,1050.34,2021-8-13 11:52:52
26.69,1007.21,52.35,-1.09,1054.07,2021-8-13 11:52:52
26.70,1007.17,52.64,-1.45,1057.00,2021-8-13 11:52:53
26.70,1007.17,52.64,-1.21,1057.00,2021-8-13 11:52:53
26.70,1007.17,52.64,-0.86,1056.20,2021-8-13 11:52:54
26.70,1007.17,52.64,-0.86,1053.80,2021-8-13 11:52:54
26.72,1007.24,52.10,-0.63,1049.80,2021-8-13 11:52:55
26.72,1007.24,52.10,-0.98,1046.34,2021-8-13 11:52:55
26.72,1007.24,52.10,-1.09,1044.48,2021-8-13 11:52:56
26.72,1007.24,52.10,-1.33,1044.48,2021-8-13 11:52:57
26.73,1007.21,52.36,-0.98,1044.21,2021-8-13 11:52:57
26.73,1007.21,52.36,-1.56,1038.62,2021-8-13 11:52:58
26.73,1007.21,52.36,-0.98,1041.02,2021-8-13 11:52:58
26.75,1007.23,52.19,-0.86,1039.42,2021-8-13 11:52:59
26.75,1007.23,52.19,-1.33,1042.35,2021-8-13 11:52:59
26.75,1007.23,52.19,-0.86,1047.94,2021-8-13 11:53:0
26.75,1007.23,52.19,-0.98,1053.00,2021-8-13 11:53:0
26.76,1007.17,52.69,-0.98,1054.60,2021-8-13 11:53:1
26.76,1007.17,52.69,-1.21,1062.32,2021-8-13 11:53:2
26.76,1007.17,52.69,-1.21,1064.72,2021-8-13 11:53:2
26.77,1007.20,52.41,-1.09,1065.78,2021-8-13 11:53:3
26.77,1007.20,52.41,-0.86,1062.85,2021-8-13 11:53:3
26.77,1007.20,52.41,-1.21,1061.52,2021-8-13 11:53:4
26.77,1007.20,52.41,-1.21,1058.59,2021-8-13 11:53:4
26.79,1007.21,52.32,-1.33,1056.46,2021-8-13 11:53:5
26.79,1007.21,52.32,-1.09,1047.94,2021-8-13 11:53:5
26.79,1007.21,52.32,-0.63,1046.08,2021-8-13 11:53:6
26.79,1007.21,52.32,-1.21,1045.81,2021-8-13 11:53:7
26.80,1007.21,52.34,-0.86,1045.81,2021-8-13 11:53:7
26.80,1007.21,52.34,-0.86,1045.28,2021-8-13 11:53:8
26.80,1007.21,52.34,-1.09,1047.14,2021-8-13 11:53:8
26.81,1007.19,52.52,-0.74,1047.67,2021-8-13 11:53:9
26.81,1007.19,52.52,-1.21,1049.27,2021-8-13 11:53:9
26.81,1007.19,52.52,-1.09,1052.47,2021-8-13 11:53:10
26.81,1007.19,52.52,-0.98,1056.46,2021-8-13 11:53:10
26.83,1007.20,52.47,-1.09,1051.40,2021-8-13 11:53:11
26.83,1007.20,52.47,-1.21,1059.93,2021-8-13 11:53:12
26.83,1007.20,52.47,-1.21,1062.85,2021-8-13 11:53:12
26.83,1007.20,52.47,-0.86,1062.59,2021-8-13 11:53:13
26.83,1007.20,52.41,-1.21,1065.52,2021-8-13 11:53:13
26.83,1007.20,52.41,-0.86,1061.52,2021-8-13 11:53:14
26.83,1007.20,52.41,-0.74,1061.79,2021-8-13 11:53:14
26.85,1007.21,52.35,-1.09,1057.53,2021-8-13 11:53:15
26.85,1007.21,52.35,-0.98,1057.00,2021-8-13 11:53:15
26.85,1007.21,52.35,-1.09,1055.40,2021-8-13 11:53:16
26.85,1007.21,52.35,-1.09,1057.53,2021-8-13 11:53:17
26.86,1007.15,52.84,-0.86,1060.19,2021-8-13 11:53:17
26.86,1007.15,52.84,-1.09,1062.85,2021-8-13 11:53:18
26.86,1007.15,52.84,-0.86,1064.45,2021-8-13 11:53:18
26.88,1007.17,52.68,-0.86,1060.72,2021-8-13 11:53:19
26.88,1007.17,52.68,-0.98,1062.32,2021-8-13 11:53:19
26.88,1007.17,52.68,-1.09,1065.78,2021-8-13 11:53:20
26.88,1007.17,52.68,-1.33,1062.59,2021-8-13 11:53:20
26.89,1007.18,52.60,-1.21,1065.78,2021-8-13 11:53:21
26.89,1007.18,52.60,-1.09,1066.58,2021-8-13 11:53:22
26.89,1007.18,52.60,-1.09,1066.32,2021-8-13 11:53:22
26.89,1007.18,52.60,-1.33,1073.77,2021-8-13 11:53:23
26.91,1007.17,52.71,-0.98,1074.57,2021-8-13 11:53:23
26.91,1007.17,52.71,-1.21,1069.51,2021-8-13 11:53:24
26.91,1007.17,52.71,-1.33,1068.45,2021-8-13 11:53:24
26.92,1007.18,52.63,-1.09,1065.78,2021-8-13 11:53:25
26.92,1007.18,52.63,-1.09,1063.12,2021-8-13 11:53:25
26.92,1007.18,52.63,-0.98,1061.26,2021-8-13 11:53:26
26.92,1007.18,52.63,-0.86,1058.86,2021-8-13 11:53:27
26.93,1007.16,52.77,-1.33,1059.93,2021-8-13 11:53:27
26.93,1007.16,52.77,-1.33,1061.79,2021-8-13 11:53:28
26.93,1007.16,52.77,-0.86,1061.79,2021-8-13 11:53:28
26.95,1007.16,52.82,-0.86,1063.65,2021-8-13 11:53:29
26.95,1007.16,52.82,-0.86,1064.19,2021-8-13 11:53:29
26.95,1007.16,52.82,-0.98,1064.19,2021-8-13 11:53:30
26.95,1007.16,52.82,-0.86,1072.98,2021-8-13 11:53:31
26.96,1007.18,52.63,-0.86,1077.24,2021-8-13 11:53:31
26.96,1007.18,52.63,-0.86,1079.90,2021-8-13 11:53:32
26.96,1007.18,52.63,-0.74,1075.37,2021-8-13 11:53:32
26.96,1007.18,52.63,-0.86,1076.44,2021-8-13 11:53:33
26.97,1007.16,52.78,-0.86,1071.11,2021-8-13 11:53:33
26.97,1007.16,52.78,-1.09,1067.92,2021-8-13 11:53:34
26.97,1007.16,52.78,-0.98,1066.05,2021-8-13 11:53:34
26.98,1007.17,52.69,-1.09,1070.05,2021-8-13 11:53:35
26.98,1007.17,52.69,-1.09,1068.71,2021-8-13 11:53:36
26.98,1007.17,52.69,-1.21,1071.91,2021-8-13 11:53:36
26.98,1007.17,52.69,-1.09,1070.05,2021-8-13 11:53:37
27.00,1007.19,52.58,-1.09,1070.05,2021-8-13 11:53:37
27.00,1007.19,52.58,-1.33,1070.31,2021-8-13 11:53:38
27.00,1007.19,52.58,-1.21,1077.77,2021-8-13 11:53:38
27.00,1007.19,52.58,-0.98,1078.57,2021-8-13 11:53:39
27.01,1007.18,52.61,-0.74,1084.16,2021-8-13 11:53:39
27.01,1007.18,52.61,-0.86,1086.56,2021-8-13 11:53:40
27.01,1007.18,52.61,-0.98,1090.29,2021-8-13 11:53:41
27.02,1007.18,52.66,-0.74,1091.35,2021-8-13 11:53:41
27.02,1007.18,52.66,-0.63,1090.29,2021-8-13 11:53:42
27.02,1007.18,52.66,-0.51,1083.63,2021-8-13 11:53:42
27.02,1007.18,52.66,-0.98,1076.44,2021-8-13 11:53:43
27.04,1007.19,52.52,-1.21,1073.77,2021-8-13 11:53:43
27.04,1007.19,52.52,-0.98,1067.92,2021-8-13 11:53:44
27.04,1007.19,52.52,-0.98,1062.32,2021-8-13 11:53:44
27.05,1007.18,52.65,-0.98,1060.19,2021-8-13 11:53:45
27.05,1007.18,52.65,-0.98,1059.66,2021-8-13 11:53:46
27.05,1007.18,52.65,-0.98,1066.85,2021-8-13 11:53:46
27.05,1007.18,52.65,-0.98,1069.25,2021-8-13 11:53:47
27.06,1007.16,52.84,-0.86,1072.71,2021-8-13 11:53:47
27.06,1007.16,52.84,-1.33,1071.91,2021-8-13 11:53:48
27.06,1007.16,52.84,-1.21,1072.98,2021-8-13 11:53:48
27.06,1007.16,52.84,-1.33,1073.77,2021-8-13 11:53:49
27.07,1007.18,52.62,-1.09,1075.64,2021-8-13 11:53:49
27.07,1007.18,52.62,-1.45,1068.45,2021-8-13 11:53:50
27.07,1007.18,52.62,-1.56,1070.05,2021-8-13 11:53:51
27.08,1007.18,52.64,-0.86,1065.52,2021-8-13 11:53:51
27.08,1007.18,52.64,-0.86,1065.78,2021-8-13 11:53:52
27.08,1007.18,52.64,-0.86,1062.32,2021-8-13 11:53:52
27.08,1007.18,52.64,-0.98,1064.45,2021-8-13 11:53:53
27.09,1007.17,52.77,-0.98,1064.19,2021-8-13 11:53:53
27.09,1007.17,52.77,-0.63,1060.99,2021-8-13 11:53:54
27.09,1007.17,52.77,-0.74,1061.52,2021-8-13 11:53:54
27.11,1007.17,52.76,-1.56,1060.46,2021-8-13 11:53:55
27.11,1007.17,52.76,-0.98,1060.19,2021-8-13 11:53:56
27.11,1007.17,52.76,-1.21,1067.92,2021-8-13 11:53:56
27.11,1007.17,52.76,-1.09,1067.38,2021-8-13 11:53:57
27.12,1007.18,52.64,-1.09,1070.05,2021-8-13 11:53:57
27.12,1007.18,52.64,-1.45,1063.12,2021-8-13 11:53:58
27.12,1007.18,52.64,-1.33,1059.39,2021-8-13 11:53:58
27.12,1007.18,52.64,-0.98,1058.06,2021-8-13 11:53:59
27.13,1007.15,52.90,-0.74,1058.86,2021-8-13 11:53:59
27.13,1007.15,52.90,-1.21,1064.45,2021-8-13 11:54:0
27.13,1007.15,52.90,-0.86,1064.99,2021-8-13 11:54:1
27.15,1007.18,52.68,-0.98,1065.52,2021-8-13 11:54:1
27.15,1007.18,52.68,-0.98,1065.78,2021-8-13 11:54:2
27.15,1007.18,52.68,-0.86,1067.65,2021-8-13 11:54:2
27.15,1007.18,52.68,-1.21,1056.20,2021-8-13 11:54:3
27.17,1007.19,52.61,-1.21,1057.26,2021-8-13 11:54:3
27.17,1007.19,52.61,-0.74,1056.73,2021-8-13 11:54:4
27.17,1007.19,52.61,-1.21,1052.20,2021-8-13 11:54:4
27.17,1007.19,52.61,-1.09,1050.34,2021-8-13 11:54:5
27.18,1007.16,52.83,-0.98,1040.48,2021-8-13 11:54:6
27.18,1007.16,52.83,-1.09,1040.75,2021-8-13 11:54:6
27.18,1007.16,52.83,-0.86,1037.29,2021-8-13 11:54:7
27.19,1007.17,52.75,-1.21,1042.08,2021-8-13 11:54:7
27.19,1007.17,52.75,-1.09,1045.28,2021-8-13 11:54:8
27.19,1007.17,52.75,-1.09,1042.35,2021-8-13 11:54:8
27.19,1007.17,52.75,-1.09,1043.15,2021-8-13 11:54:9
27.20,1007.16,52.81,-1.33,1049.54,2021-8-13 11:54:9
27.20,1007.16,52.81,-1.68,1052.47,2021-8-13 11:54:10
27.20,1007.16,52.81,-1.80,1054.07,2021-8-13 11:54:11
27.21,1007.21,52.43,-1.21,1053.53,2021-8-13 11:54:11
27.21,1007.21,52.43,-0.98,1050.07,2021-8-13 11:54:12
27.21,1007.21,52.43,-0.86,1044.21,2021-8-13 11:54:12
27.21,1007.21,52.43,-1.09,1044.74,2021-8-13 11:54:13
27.23,1007.18,52.68,-1.21,1032.23,2021-8-13 11:54:13
27.23,1007.18,52.68,-1.21,1025.57,2021-8-13 11:54:14
27.23,1007.18,52.68,-0.86,1026.10,2021-8-13 11:54:15
27.23,1007.18,52.68,-0.74,1022.11,2021-8-13 11:54:15
27.25,1007.17,52.73,-1.21,1021.04,2021-8-13 11:54:16
27.25,1007.17,52.73,-1.45,1023.44,2021-8-13 11:54:16
27.25,1007.17,52.73,-1.33,1023.17,2021-8-13 11:54:17
27.26,1007.18,52.67,-1.45,1029.56,2021-8-13 11:54:17
27.26,1007.18,52.67,-1.56,1036.49,2021-8-13 11:54:18
27.26,1007.18,52.67,-0.98,1037.82,2021-8-13 11:54:18
27.26,1007.18,52.67,-1.21,1041.55,2021-8-13 11:54:19
27.27,1007.16,52.82,-1.21,1038.35,2021-8-13 11:54:20
27.27,1007.16,52.82,-1.21,1034.89,2021-8-13 11:54:20
27.27,1007.16,52.82,-1.21,1037.82,2021-8-13 11:54:21
27.27,1007.15,52.93,-0.98,1030.10,2021-8-13 11:54:21
27.27,1007.15,52.93,-0.98,1028.76,2021-8-13 11:54:22
27.27,1007.15,52.93,-1.09,1030.63,2021-8-13 11:54:22
27.27,1007.15,52.93,-1.21,1027.17,2021-8-13 11:54:23
27.29,1007.19,52.60,-0.86,1023.44,2021-8-13 11:54:23
27.29,1007.19,52.60,-0.74,1025.57,2021-8-13 11:54:24
27.29,1007.19,52.60,-0.63,1026.90,2021-8-13 11:54:25
27.29,1007.19,52.60,-0.51,1019.18,2021-8-13 11:54:25
27.30,1007.18,52.72,-0.98,1023.97,2021-8-13 11:54:26
27.30,1007.18,52.72,-1.33,1025.57,2021-8-13 11:54:26
27.30,1007.18,52.72,-1.21,1028.76,2021-8-13 11:54:27
27.31,1007.18,52.65,-0.98,1034.62,2021-8-13 11:54:27
27.31,1007.18,52.65,-0.98,1041.81,2021-8-13 11:54:28
27.31,1007.18,52.65,-0.98,1045.01,2021-8-13 11:54:28
27.31,1007.18,52.65,-1.09,1041.55,2021-8-13 11:54:29
27.33,1007.17,52.74,-1.45,1044.74,2021-8-13 11:54:30
27.33,1007.17,52.74,-1.33,1037.55,2021-8-13 11:54:30
27.33,1007.17,52.74,-0.98,1038.35,2021-8-13 11:54:31
27.34,1007.20,52.52,-0.98,1034.09,2021-8-13 11:54:31
27.34,1007.20,52.52,-0.98,1032.76,2021-8-13 11:54:32
27.34,1007.20,52.52,-0.63,1031.96,2021-8-13 11:54:32
27.34,1007.20,52.52,-0.86,1037.82,2021-8-13 11:54:33
27.34,1007.17,52.78,-0.98,1034.09,2021-8-13 11:54:33
27.34,1007.17,52.78,-1.45,1032.49,2021-8-13 11:54:34
27.34,1007.17,52.78,-1.21,1028.76,2021-8-13 11:54:35
27.34,1007.17,52.78,-1.09,1026.63,2021-8-13 11:54:35
27.36,1007.16,52.88,-1.33,1026.63,2021-8-13 11:54:36
27.36,1007.16,52.88,-0.86,1030.10,2021-8-13 11:54:36
27.36,1007.16,52.88,-0.98,1021.04,2021-8-13 11:54:37
27.36,1007.15,52.92,-0.86,1029.83,2021-8-13 11:54:37
27.36,1007.15,52.92,-1.21,1031.96,2021-8-13 11:54:38
27.36,1007.15,52.92,-0.98,1028.76,2021-8-13 11:54:38
27.36,1007.15,52.92,-1.21,1024.50,2021-8-13 11:54:39
27.38,1007.19,52.63,-0.98,1024.77,2021-8-13 11:54:40
27.38,1007.19,52.63,-0.74,1024.77,2021-8-13 11:54:40
27.38,1007.19,52.63,-0.98,1028.76,2021-8-13 11:54:41
27.38,1007.19,52.63,-0.86,1023.44,2021-8-13 11:54:41
27.40,1007.18,52.71,-0.86,1022.64,2021-8-13 11:54:42
27.40,1007.18,52.71,-0.86,1015.71,2021-8-13 11:54:42
27.40,1007.18,52.71,-0.98,1014.38,2021-8-13 11:54:43
27.40,1007.18,52.69,-0.98,1018.64,2021-8-13 11:54:43
27.40,1007.18,52.69,-1.21,1022.37,2021-8-13 11:54:44
27.40,1007.18,52.69,-1.21,1019.18,2021-8-13 11:54:45
27.40,1007.18,52.69,-1.21,1018.91,2021-8-13 11:54:45
27.41,1007.16,52.90,-1.33,1016.78,2021-8-13 11:54:46
27.41,1007.16,52.90,-0.98,1019.71,2021-8-13 11:54:46
27.41,1007.16,52.90,-1.21,1019.98,2021-8-13 11:54:47
27.42,1007.17,52.78,-0.98,1021.57,2021-8-13 11:54:47
27.42,1007.17,52.78,-1.33,1022.90,2021-8-13 11:54:48
27.42,1007.17,52.78,-1.21,1030.10,2021-8-13 11:54:48
27.42,1007.17,52.78,-1.33,1026.37,2021-8-13 11:54:49
27.43,1007.17,52.76,-0.74,1032.23,2021-8-13 11:54:50
27.43,1007.17,52.76,-1.21,1028.76,2021-8-13 11:54:50
27.43,1007.17,52.76,-1.45,1024.77,2021-8-13 11:54:51
27.43,1007.17,52.76,-1.09,1026.63,2021-8-13 11:54:51
27.45,1007.17,52.78,-0.98,1025.83,2021-8-13 11:54:52
27.45,1007.17,52.78,-0.86,1017.58,2021-8-13 11:54:52
27.45,1007.17,52.78,-0.98,1018.38,2021-8-13 11:54:53
27.45,1007.17,52.80,-1.09,1016.25,2021-8-13 11:54:54
27.45,1007.17,52.80,-1.09,1014.12,2021-8-13 11:54:54
27.45,1007.17,52.80,-1.21,1014.38,2021-8-13 11:54:55
27.45,1007.17,52.80,-1.09,1014.65,2021-8-13 11:54:55
27.46,1007.19,52.66,-1.09,1014.65,2021-8-13 11:54:56
27.46,1007.19,52.66,-0.98,1025.83,2021-8-13 11:54:56
27.46,1007.19,52.66,-1.56,1030.10,2021-8-13 11:54:57
27.48,1007.17,52.81,-1.21,1033.82,2021-8-13 11:54:57
27.48,1007.17,52.81,-1.56,1036.49,2021-8-13 11:54:58
27.48,1007.17,52.81,-0.63,1039.68,2021-8-13 11:54:59
27.48,1007.17,52.81,-0.98,1043.68,2021-8-13 11:54:59
27.48,1007.16,52.86,-1.21,1042.08,2021-8-13 11:55:0
27.48,1007.16,52.86,-1.21,1031.16,2021-8-13 11:55:0
27.48,1007.16,52.86,-0.98,1025.83,2021-8-13 11:55:1
27.48,1007.16,52.86,-0.98,1021.57,2021-8-13 11:55:1
27.50,1007.21,52.44,-0.86,1027.43,2021-8-13 11:55:2
27.50,1007.21,52.44,-0.86,1026.90,2021-8-13 11:55:2
27.50,1007.21,52.44,-0.98,1027.43,2021-8-13 11:55:3
27.51,1007.19,52.62,-1.33,1026.90,2021-8-13 11:55:4
27.51,1007.19,52.62,-1.21,1039.15,2021-8-13 11:55:4
27.51,1007.19,52.62,-1.09,1032.23,2021-8-13 11:55:5
27.51,1007.19,52.62,-1.21,1031.43,2021-8-13 11:55:5
27.52,1007.20,52.53,-0.86,1033.03,2021-8-13 11:55:6
27.52,1007.20,52.53,-1.21,1037.02,2021-8-13 11:55:6
27.52,1007.20,52.53,-0.98,1042.35,2021-8-13 11:55:7
27.53,1007.21,52.50,-0.98,1052.47,2021-8-13 11:55:7
27.53,1007.21,52.50,-1.09,1047.67,2021-8-13 11:55:8
27.53,1007.21,52.50,-0.86,1049.27,2021-8-13 11:55:9
27.53,1007.21,52.50,-1.45,1047.14,2021-8-13 11:55:9
27.54,1007.18,52.71,-1.21,1044.48,2021-8-13 11:55:10
27.54,1007.18,52.71,-0.98,1044.74,2021-8-13 11:55:10
27.54,1007.18,52.71,-0.98,1043.41,2021-8-13 11:55:11
27.54,1007.18,52.71,-1.09,1039.68,2021-8-13 11:55:11
27.55,1007.17,52.81,-1.21,1046.08,2021-8-13 11:55:12
27.55,1007.17,52.81,-0.98,1042.35,2021-8-13 11:55:12
27.55,1007.17,52.81,-1.33,1042.35,2021-8-13 11:55:13
27.55,1007.14,53.11,-1.21,1041.81,2021-8-13 11:55:14
27.55,1007.14,53.11,-1.21,1038.88,2021-8-13 11:55:14
27.55,1007.14,53.11,-0.98,1038.09,2021-8-13 11:55:15
27.55,1007.14,53.11,-0.74,1041.55,2021-8-13 11:55:15
27.57,1007.17,52.86,-1.33,1033.82,2021-8-13 11:55:16
27.57,1007.17,52.86,-0.63,1035.16,2021-8-13 11:55:16
27.57,1007.17,52.86,-1.09,1030.89,2021-8-13 11:55:17
27.57,1007.17,52.86,-1.21,1028.76,2021-8-13 11:55:17
27.58,1007.16,52.91,-1.21,1026.10,2021-8-13 11:55:18
27.58,1007.16,52.91,-0.98,1025.83,2021-8-13 11:55:19
27.58,1007.16,52.91,-0.98,1022.64,2021-8-13 11:55:19
27.59,1007.15,52.99,-0.98,1022.64,2021-8-13 11:55:20
27.59,1007.15,52.99,-1.33,1021.31,2021-8-13 11:55:20
27.59,1007.15,52.99,-1.45,1019.18,2021-8-13 11:55:21
27.59,1007.15,52.99,-1.68,1019.71,2021-8-13 11:55:21
27.60,1007.17,52.87,-1.09,1021.04,2021-8-13 11:55:22
27.60,1007.17,52.87,-1.21,1023.70,2021-8-13 11:55:22
27.60,1007.17,52.87,-1.09,1027.70,2021-8-13 11:55:23
27.61,1007.14,53.06,-0.86,1020.77,2021-8-13 11:55:24
27.61,1007.14,53.06,-1.45,1021.57,2021-8-13 11:55:24
27.61,1007.14,53.06,-1.09,1024.77,2021-8-13 11:55:25
27.61,1007.14,53.06,-0.74,1027.17,2021-8-13 11:55:25
27.63,1007.18,52.79,-1.21,1028.76,2021-8-13 11:55:26
27.63,1007.18,52.79,-1.21,1029.30,2021-8-13 11:55:26
27.63,1007.18,52.79,-1.33,1031.16,2021-8-13 11:55:27
27.63,1007.18,52.79,-1.21,1032.76,2021-8-13 11:55:27
27.63,1007.18,52.76,-0.98,1032.76,2021-8-13 11:55:28
27.63,1007.18,52.76,-1.09,1029.83,2021-8-13 11:55:29
27.63,1007.18,52.76,-1.45,1022.64,2021-8-13 11:55:29
27.64,1007.16,52.91,-1.45,1020.51,2021-8-13 11:55:30
27.64,1007.16,52.91,-1.45,1014.12,2021-8-13 11:55:30
27.64,1007.16,52.91,-1.33,1022.64,2021-8-13 11:55:31
27.64,1007.16,52.91,-1.09,1017.31,2021-8-13 11:55:31
27.65,1007.14,53.09,-1.56,1010.65,2021-8-13 11:55:32
27.65,1007.14,53.09,-1.09,1013.85,2021-8-13 11:55:33
27.65,1007.14,53.09,-1.56,1012.78,2021-8-13 11:55:33
27.66,1007.17,52.81,-1.09,1012.78,2021-8-13 11:55:34
27.66,1007.17,52.81,-1.09,1017.58,2021-8-13 11:55:34
27.66,1007.17,52.81,-1.33,1018.11,2021-8-13 11:55:35
27.66,1007.17,52.81,-1.33,1015.98,2021-8-13 11:55:35
27.67,1007.14,53.11,-1.33,1022.90,2021-8-13 11:55:36
27.67,1007.14,53.11,-1.33,1028.76,2021-8-13 11:55:36
27.67,1007.14,53.11,-1.09,1027.43,2021-8-13 11:55:37
27.67,1007.14,53.11,-1.33,1030.63,2021-8-13 11:55:38
27.68,1007.16,52.89,-1.68,1031.43,2021-8-13 11:55:38
27.68,1007.16,52.89,-1.33,1030.63,2021-8-13 11:55:39
27.68,1007.16,52.89,-1.21,1031.96,2021-8-13 11:55:39
27.69,1007.16,52.93,-1.09,1022.90,2021-8-13 11:55:40
27.69,1007.16,52.93,-1.09,1024.77,2021-8-13 11:55:40
27.69,1007.16,52.93,-0.98,1025.04,2021-8-13 11:55:41
27.69,1007.16,52.93,-0.86,1026.10,2021-8-13 11:55:41
27.70,1007.17,52.82,-0.86,1029.30,2021-8-13 11:55:42
27.70,1007.17,52.82,-0.86,1030.89,2021-8-13 11:55:43
27.70,1007.17,52.82,-1.45,1030.89,2021-8-13 11:55:43
27.70,1007.16,52.96,-1.21,1037.02,2021-8-13 11:55:44
27.70,1007.16,52.96,-1.33,1040.75,2021-8-13 11:55:44
27.70,1007.16,52.96,-1.09,1042.08,2021-8-13 11:55:45
27.70,1007.16,52.96,-1.33,1047.41,2021-8-13 11:55:45
27.71,1007.17,52.87,-0.86,1052.73,2021-8-13 11:55:46
27.71,1007.17,52.87,-0.86,1046.88,2021-8-13 11:55:46
27.71,1007.17,52.87,-0.98,1048.74,2021-8-13 11:55:47
27.71,1007.17,52.87,-1.68,1038.62,2021-8-13 11:55:48
27.73,1007.16,52.94,-0.86,1035.16,2021-8-13 11:55:48
27.73,1007.16,52.94,-0.63,1037.55,2021-8-13 11:55:49
27.73,1007.16,52.94,-1.09,1040.48,2021-8-13 11:55:49
27.73,1007.17,52.86,-1.21,1045.54,2021-8-13 11:55:50
27.73,1007.17,52.86,-1.33,1043.15,2021-8-13 11:55:50
27.73,1007.17,52.86,-1.09,1043.15,2021-8-13 11:55:51
27.73,1007.17,52.86,-1.21,1047.41,2021-8-13 11:55:51
27.74,1007.16,52.98,-1.09,1045.54,2021-8-13 11:55:52
27.74,1007.16,52.98,-0.98,1044.48,2021-8-13 11:55:53
27.74,1007.16,52.98,-0.86,1049.27,2021-8-13 11:55:53
27.75,1007.15,53.00,-1.56,1052.73,2021-8-13 11:55:54
27.75,1007.15,53.00,-0.98,1059.66,2021-8-13 11:55:54
27.75,1007.15,53.00,-1.21,1063.65,2021-8-13 11:55:55
27.75,1007.15,53.00,-1.09,1059.66,2021-8-13 11:55:55
27.77,1007.17,52.86,-0.98,1058.06,2021-8-13 11:55:56
27.77,1007.17,52.86,-1.56,1053.53,2021-8-13 11:55:57
27.77,1007.17,52.86,-1.09,1051.94,2021-8-13 11:55:57
27.77,1007.17,52.86,-1.09,1049.54,2021-8-13 11:55:58
27.77,1007.16,52.91,-1.09,1048.47,2021-8-13 11:55:58
27.77,1007.16,52.91,-2.03,1048.74,2021-8-13 11:55:59
27.77,1007.16,52.91,-0.86,1053.80,2021-8-13 11:55:59
27.78,1007.16,52.93,-1.21,1048.21,2021-8-13 11:56:0
27.78,1007.16,52.93,-0.98,1047.67,2021-8-13 11:56:0
27.78,1007.16,52.93,-1.09,1051.94,2021-8-13 11:56:1
27.78,1007.16,52.93,-1.09,1052.20,2021-8-13 11:56:2
27.79,1007.14,53.13,-1.21,1057.79,2021-8-13 11:56:2
27.79,1007.14,53.13,-1.09,1055.13,2021-8-13 11:56:3
27.79,1007.14,53.13,-1.45,1050.34,2021-8-13 11:56:3
27.80,1007.17,52.88,-1.09,1058.06,2021-8-13 11:56:4
27.80,1007.17,52.88,-1.09,1057.79,2021-8-13 11:56:4
27.80,1007.17,52.88,-1.33,1061.52,2021-8-13 11:56:5
27.80,1007.17,52.88,-1.21,1061.52,2021-8-13 11:56:5
27.81,1007.21,52.55,-1.21,1060.46,2021-8-13 11:56:6
27.81,1007.21,52.55,-1.09,1059.66,2021-8-13 11:56:7
27.81,1007.21,52.55,-0.98,1060.72,2021-8-13 11:56:7
27.81,1007.21,52.55,-1.21,1060.46,2021-8-13 11:56:8
27.81,1007.14,53.11,-1.09,1056.73,2021-8-13 11:56:8
27.81,1007.14,53.11,-1.21,1049.54,2021-8-13 11:56:9
27.81,1007.14,53.11,-1.45,1056.46,2021-8-13 11:56:9
27.83,1007.17,52.90,-1.21,1056.73,2021-8-13 11:56:10
27.83,1007.17,52.90,-1.56,1060.19,2021-8-13 11:56:10
27.83,1007.17,52.90,-0.98,1052.20,2021-8-13 11:56:11
27.83,1007.17,52.90,-1.45,1049.27,2021-8-13 11:56:12
27.84,1007.18,52.77,-1.45,1049.01,2021-8-13 11:56:12
27.84,1007.18,52.77,-1.45,1050.87,2021-8-13 11:56:13
27.84,1007.18,52.77,-1.09,1051.94,2021-8-13 11:56:13
27.84,1007.18,52.77,-1.56,1058.06,2021-8-13 11:56:14
27.85,1007.17,52.91,-1.21,1057.53,2021-8-13 11:56:14
27.85,1007.17,52.91,-1.09,1061.52,2021-8-13 11:56:15
27.85,1007.17,52.91,-1.21,1060.72,2021-8-13 11:56:15
27.86,1007.15,53.01,-1.09,1067.38,2021-8-13 11:56:16
27.86,1007.15,53.01,-1.21,1064.19,2021-8-13 11:56:17
27.86,1007.15,53.01,-1.45,1060.99,2021-8-13 11:56:17
27.86,1007.15,53.01,-1.33,1049.27,2021-8-13 11:56:18
27.86,1007.14,53.18,-1.45,1045.28,2021-8-13 11:56:18
27.86,1007.14,53.18,-1.33,1042.61,2021-8-13 11:56:19
27.86,1007.14,53.18,-1.09,1042.35,2021-8-13 11:56:19
27.87,1007.17,52.87,-0.98,1042.08,2021-8-13 11:56:20
27.87,1007.17,52.87,-0.98,1038.62,2021-8-13 11:56:20
27.87,1007.17,52.87,-0.98,1041.02,2021-8-13 11:56:21
27.87,1007.17,52.87,-1.21,1043.68,2021-8-13 11:56:22
27.87,1007.14,53.17,-0.86,1042.61,2021-8-13 11:56:22
27.87,1007.14,53.17,-1.09,1045.28,2021-8-13 11:56:23
27.87,1007.14,53.17,-1.33,1049.27,2021-8-13 11:56:23
27.87,1007.14,53.17,-1.09,1050.60,2021-8-13 11:56:24
27.89,1007.14,53.18,-0.86,1054.07,2021-8-13 11:56:24
27.89,1007.14,53.18,-1.33,1060.46,2021-8-13 11:56:25
27.89,1007.14,53.18,-1.21,1060.46,2021-8-13 11:56:25
27.89,1007.14,53.17,-1.09,1056.73,2021-8-13 11:56:26
27.89,1007.14,53.17,-1.45,1048.21,2021-8-13 11:56:27
27.89,1007.14,53.17,-1.09,1046.61,2021-8-13 11:56:27
27.89,1007.14,53.17,-0.98,1040.48,2021-8-13 11:56:28
27.90,1007.15,53.03,-1.56,1040.48,2021-8-13 11:56:28
27.90,1007.15,53.03,-1.33,1036.22,2021-8-13 11:56:29
27.90,1007.15,53.03,-1.33,1037.82,2021-8-13 11:56:29
27.91,1007.14,53.13,-1.09,1036.75,2021-8-13 11:56:30
27.91,1007.14,53.13,-1.21,1042.61,2021-8-13 11:56:31
27.91,1007.14,53.13,-0.98,1046.88,2021-8-13 11:56:31
27.91,1007.14,53.13,-1.09,1050.60,2021-8-13 11:56:32
27.92,1007.15,53.03,-1.21,1051.94,2021-8-13 11:56:32
27.92,1007.15,53.03,-0.86,1055.40,2021-8-13 11:56:33
27.92,1007.15,53.03,-1.21,1058.06,2021-8-13 11:56:33
27.92,1007.15,53.03,-1.45,1058.33,2021-8-13 11:56:34
27.92,1007.14,53.13,-1.33,1056.46,2021-8-13 11:56:34
27.92,1007.14,53.13,-1.09,1055.40,2021-8-13 11:56:35
27.92,1007.14,53.13,-1.09,1054.86,2021-8-13 11:56:36
27.93,1007.17,52.90,-1.21,1055.93,2021-8-13 11:56:36
27.93,1007.17,52.90,-0.86,1048.47,2021-8-13 11:56:37
27.93,1007.17,52.90,-1.45,1039.95,2021-8-13 11:56:37
27.93,1007.17,52.90,-1.21,1040.75,2021-8-13 11:56:38
27.94,1007.15,53.08,-1.09,1044.74,2021-8-13 11:56:38
27.94,1007.15,53.08,-0.98,1041.55,2021-8-13 11:56:39
27.94,1007.15,53.08,-0.98,1040.22,2021-8-13 11:56:39
27.95,1007.16,52.96,-1.33,1039.68,2021-8-13 11:56:40
27.95,1007.16,52.96,-1.33,1043.41,2021-8-13 11:56:41
27.95,1007.16,52.96,-1.21,1051.67,2021-8-13 11:56:41
27.95,1007.16,52.96,-1.56,1057.53,2021-8-13 11:56:42
27.96,1007.16,52.97,-1.45,1058.86,2021-8-13 11:56:42
27.96,1007.16,52.97,-1.33,1061.79,2021-8-13 11:56:43
27.96,1007.16,52.97,-1.33,1061.52,2021-8-13 11:56:43
27.96,1007.16,52.97,-1.09,1061.52,2021-8-13 11:56:44
27.97,1007.15,53.03,-0.86,1062.85,2021-8-13 11:56:44
27.97,1007.15,53.03,-1.09,1066.58,2021-8-13 11:56:45
27.97,1007.15,53.03,-1.45,1066.85,2021-8-13 11:56:46
27.98,1007.19,52.72,-1.09,1072.98,2021-8-13 11:56:46
27.98,1007.19,52.72,-1.45,1069.78,2021-8-13 11:56:47
27.98,1007.19,52.72,-1.09,1067.12,2021-8-13 11:56:47
27.98,1007.19,52.72,-0.98,1062.59,2021-8-13 11:56:48
27.99,1007.16,52.99,-1.09,1063.12,2021-8-13 11:56:48
27.99,1007.16,52.99,-1.33,1062.32,2021-8-13 11:56:49
27.99,1007.16,52.99,-1.21,1067.92,2021-8-13 11:56:49
27.99,1007.19,52.74,-1.33,1063.92,2021-8-13 11:56:50
27.99,1007.19,52.74,-1.21,1064.99,2021-8-13 11:56:51
27.99,1007.19,52.74,-1.21,1070.58,2021-8-13 11:56:51
27.99,1007.19,52.74,-1.56,1070.58,2021-8-13 11:56:52
28.00,1007.12,53.37,-1.09,1074.84,2021-8-13 11:56:52
28.00,1007.12,53.37,-1.56,1071.91,2021-8-13 11:56:53
28.00,1007.12,53.37,-1.09,1071.11,2021-8-13 11:56:53
28.00,1007.12,53.37,-0.86,1076.97,2021-8-13 11:56:54
28.00,1007.14,53.17,-0.98,1088.96,2021-8-13 11:56:54
28.00,1007.14,53.17,-1.21,1083.63,2021-8-13 11:56:55
28.00,1007.14,53.17,-0.98,1076.97,2021-8-13 11:56:56
28.02,1007.15,53.06,-0.98,1073.51,2021-8-13 11:56:56
28.02,1007.15,53.06,-0.98,1066.58,2021-8-13 11:56:57
28.02,1007.15,53.06,-1.09,1067.92,2021-8-13 11:56:57
28.02,1007.15,53.06,-0.86,1057.53,2021-8-13 11:56:58
28.03,1007.17,52.90,-0.98,1056.73,2021-8-13 11:56:58
28.03,1007.17,52.90,-1.45,1059.39,2021-8-13 11:56:59
28.03,1007.17,52.90,-1.21,1058.33,2021-8-13 11:56:59
28.03,1007.17,52.90,-1.09,1061.52,2021-8-13 11:57:0
28.02,1007.14,53.20,-0.98,1067.92,2021-8-13 11:57:1
28.02,1007.14,53.20,-0.86,1069.25,2021-8-13 11:57:1
28.02,1007.14,53.20,-1.09,1073.51,2021-8-13 11:57:2
28.03,1007.14,53.19,-0.86,1075.37,2021-8-13 11:57:2
28.03,1007.14,53.19,-1.21,1079.37,2021-8-13 11:57:3
28.03,1007.14,53.19,-1.80,1083.63,2021-8-13 11:57:3
28.03,1007.14,53.19,-0.98,1085.23,2021-8-13 11:57:4
28.04,1007.14,53.19,-0.98,1079.63,2021-8-13 11:57:5
28.04,1007.14,53.19,-0.98,1078.04,2021-8-13 11:57:5
28.04,1007.14,53.19,-1.09,1073.51,2021-8-13 11:57:6
28.06,1007.17,52.87,-0.98,1065.78,2021-8-13 11:57:6
28.06,1007.17,52.87,-1.09,1066.58,2021-8-13 11:57:7
28.06,1007.17,52.87,-0.98,1067.92,2021-8-13 11:57:7
28.06,1007.17,52.87,-1.33,1066.85,2021-8-13 11:57:8
28.06,1007.17,52.95,-1.09,1065.78,2021-8-13 11:57:8
28.06,1007.17,52.95,-1.33,1066.32,2021-8-13 11:57:9
28.06,1007.17,52.95,-0.98,1071.38,2021-8-13 11:57:10
28.06,1007.17,52.95,-1.45,1075.64,2021-8-13 11:57:10
28.07,1007.15,53.13,-1.33,1080.70,2021-8-13 11:57:11
28.07,1007.15,53.13,-0.74,1078.57,2021-8-13 11:57:11
28.07,1007.15,53.13,-1.33,1083.36,2021-8-13 11:57:12
28.08,1007.18,52.81,-1.33,1080.70,2021-8-13 11:57:12
28.08,1007.18,52.81,-1.33,1080.43,2021-8-13 11:57:13
28.08,1007.18,52.81,-1.21,1092.15,2021-8-13 11:57:13
28.08,1007.18,52.81,-1.33,1084.69,2021-8-13 11:57:14
28.08,1007.13,53.30,-0.74,1082.30,2021-8-13 11:57:15
28.08,1007.13,53.30,-1.45,1074.84,2021-8-13 11:57:15
28.08,1007.13,53.30,-1.21,1076.70,2021-8-13 11:57:16
28.10,1007.17,52.92,-1.21,1070.31,2021-8-13 11:57:16
28.10,1007.17,52.92,-1.21,1068.98,2021-8-13 11:57:17
28.10,1007.17,52.92,-1.09,1070.05,2021-8-13 11:57:17
28.10,1007.17,52.92,-0.98,1076.17,2021-8-13 11:57:18
28.11,1007.16,52.99,-1.21,1073.77,2021-8-13 11:57:18
28.11,1007.16,52.99,-1.21,1076.70,2021-8-13 11:57:19
28.11,1007.16,52.99,-1.09,1083.10,2021-8-13 11:57:20
28.11,1007.16,52.99,-1.33,1084.96,2021-8-13 11:57:20
28.11,1007.16,53.01,-1.68,1091.35,2021-8-13 11:57:21
28.11,1007.16,53.01,-1.45,1095.61,2021-8-13 11:57:21
28.11,1007.16,53.01,-1.21,1086.83,2021-8-13 11:57:22
28.12,1007.16,53.00,-1.33,1084.96,2021-8-13 11:57:22
28.12,1007.16,53.00,-1.33,1084.69,2021-8-13 11:57:23
28.12,1007.16,53.00,-1.33,1083.36,2021-8-13 11:57:23
28.12,1007.16,53.00,-1.21,1082.30,2021-8-13 11:57:24
28.13,1007.16,53.01,-1.21,1081.76,2021-8-13 11:57:25
28.13,1007.16,53.01,-1.45,1083.63,2021-8-13 11:57:25
28.13,1007.16,53.01,-1.33,1090.29,2021-8-13 11:57:26
28.13,1007.18,52.86,-1.21,1094.28,2021-8-13 11:57:26
28.13,1007.18,52.86,-1.45,1095.35,2021-8-13 11:57:27
28.13,1007.18,52.86,-1.33,1095.88,2021-8-13 11:57:27
28.13,1007.18,52.86,-0.98,1097.48,2021-8-13 11:57:28
28.13,1007.16,53.00,-1.45,1101.21,2021-8-13 11:57:28
28.13,1007.16,53.00,-1.09,1114.52,2021-8-13 11:57:29
28.13,1007.16,53.00,-1.09,1119.85,2021-8-13 11:57:30
28.13,1007.16,53.00,-1.45,1133.70,2021-8-13 11:57:30
28.15,1007.17,52.96,-0.98,1147.28,2021-8-13 11:57:31
28.15,1007.17,52.96,-1.21,1153.14,2021-8-13 11:57:31
28.15,1007.17,52.96,-0.86,1165.13,2021-8-13 11:57:32
28.15,1007.16,53.06,-1.45,1165.66,2021-8-13 11:57:32
28.15,1007.16,53.06,-0.86,1174.98,2021-8-13 11:57:33
28.15,1007.16,53.06,-0.98,1188.30,2021-8-13 11:57:33
28.15,1007.16,53.06,-1.09,1194.69,2021-8-13 11:57:34
28.16,1007.13,53.30,-1.33,1204.81,2021-8-13 11:57:35
28.16,1007.13,53.30,-1.33,1216.53,2021-8-13 11:57:35
28.16,1007.13,53.30,-1.33,1235.71,2021-8-13 11:57:36
28.17,1007.15,53.11,-1.21,1266.34,2021-8-13 11:57:36
28.17,1007.15,53.11,-1.21,1284.71,2021-8-13 11:57:37
28.17,1007.15,53.11,-0.98,1297.23,2021-8-13 11:57:37
28.17,1007.15,53.11,-1.09,1316.14,2021-8-13 11:57:38
28.18,1007.15,53.12,-1.33,1329.99,2021-8-13 11:57:39
28.18,1007.15,53.12,-1.56,1349.17,2021-8-13 11:57:39
28.18,1007.15,53.12,-1.21,1368.61,2021-8-13 11:57:40
28.18,1007.15,53.12,-1.21,1375.80,2021-8-13 11:57:40
28.19,1007.16,52.99,-1.33,1385.65,2021-8-13 11:57:41
28.19,1007.16,52.99,-1.33,1407.49,2021-8-13 11:57:41
28.19,1007.16,52.99,-1.56,1420.81,2021-8-13 11:57:42
28.20,1007.18,52.87,-1.33,1433.06,2021-8-13 11:57:42
28.20,1007.18,52.87,-0.98,1447.98,2021-8-13 11:57:43
28.20,1007.18,52.87,-1.33,1464.22,2021-8-13 11:57:44
28.20,1007.18,52.87,-0.98,1487.93,2021-8-13 11:57:44
28.21,1007.19,52.77,-1.45,1515.36,2021-8-13 11:57:45
28.21,1007.19,52.77,-1.21,1537.73,2021-8-13 11:57:45
28.21,1007.19,52.77,-1.09,1572.35,2021-8-13 11:57:46
28.21,1007.17,52.96,-1.21,1595.53,2021-8-13 11:57:46
28.21,1007.17,52.96,-1.33,1615.77,2021-8-13 11:57:47
28.21,1007.17,52.96,-1.80,1636.01,2021-8-13 11:57:47
28.21,1007.17,52.96,-1.33,1644.00,2021-8-13 11:57:48
28.22,1007.15,53.09,-1.21,1651.72,2021-8-13 11:57:49
28.22,1007.15,53.09,-1.45,1674.63,2021-8-13 11:57:49
28.22,1007.15,53.09,-1.33,1683.95,2021-8-13 11:57:50
28.22,1007.15,53.09,-1.33,1687.94,2021-8-13 11:57:50
28.23,1007.17,52.97,-0.98,1691.94,2021-8-13 11:57:51
28.23,1007.17,52.97,-1.33,1685.81,2021-8-13 11:57:51
28.23,1007.17,52.97,-1.09,1679.95,2021-8-13 11:57:52
28.23,1007.12,53.34,-0.98,1680.75,2021-8-13 11:57:52
28.23,1007.12,53.34,-1.33,1660.25,2021-8-13 11:57:53
28.23,1007.12,53.34,-1.21,1648.26,2021-8-13 11:57:54
28.23,1007.12,53.34,-1.21,1633.88,2021-8-13 11:57:54
28.23,1007.14,53.24,-1.21,1616.03,2021-8-13 11:57:55
28.23,1007.14,53.24,-1.56,1606.98,2021-8-13 11:57:55
28.23,1007.14,53.24,-1.45,1593.39,2021-8-13 11:57:56
28.23,1007.14,53.24,-1.09,1592.06,2021-8-13 11:57:56
28.23,1007.11,53.42,-1.45,1587.00,2021-8-13 11:57:57
28.23,1007.11,53.42,-1.09,1571.02,2021-8-13 11:57:57
28.23,1007.11,53.42,-1.33,1557.44,2021-8-13 11:57:58
28.24,1007.14,53.19,-0.98,1549.45,2021-8-13 11:57:59
28.24,1007.14,53.19,-1.56,1540.66,2021-8-13 11:57:59
28.24,1007.14,53.19,-1.33,1532.67,2021-8-13 11:58:0
28.24,1007.14,53.19,-1.33,1516.42,2021-8-13 11:58:0
28.24,1007.10,53.59,-1.56,1494.58,2021-8-13 11:58:1
28.24,1007.10,53.59,-1.33,1479.14,2021-8-13 11:58:1
28.24,1007.10,53.59,-1.09,1465.82,2021-8-13 11:58:2
28.25,1007.09,53.65,-1.45,1454.10,2021-8-13 11:58:2
28.25,1007.09,53.65,-1.56,1442.38,2021-8-13 11:58:3
28.25,1007.09,53.65,-1.45,1430.13,2021-8-13 11:58:4
28.25,1007.09,53.65,-1.21,1429.33,2021-8-13 11:58:4
28.26,1007.11,53.51,-1.33,1418.15,2021-8-13 11:58:5
28.26,1007.11,53.51,-1.45,1404.83,2021-8-13 11:58:5
28.26,1007.11,53.51,-1.21,1392.05,2021-8-13 11:58:6
28.26,1007.11,53.51,-1.33,1380.86,2021-8-13 11:58:6
28.27,1007.10,53.52,-1.33,1375.27,2021-8-13 11:58:7
28.27,1007.10,53.52,-1.09,1364.35,2021-8-13 11:58:7
28.27,1007.10,53.52,-1.21,1353.96,2021-8-13 11:58:8
28.27,1007.12,53.41,-0.98,1342.77,2021-8-13 11:58:9
28.27,1007.12,53.41,-1.21,1329.99,2021-8-13 11:58:9
28.27,1007.12,53.41,-0.98,1326.79,2021-8-13 11:58:10
28.27,1007.12,53.41,-1.09,1322.00,2021-8-13 11:58:10
28.28,1007.13,53.34,-1.45,1310.28,2021-8-13 11:58:11
28.28,1007.13,53.34,-1.33,1300.43,2021-8-13 11:58:11
28.28,1007.13,53.34,-1.33,1300.69,2021-8-13 11:58:12
28.28,1007.11,53.50,-1.68,1292.44,2021-8-13 11:58:13
28.28,1007.11,53.50,-1.33,1283.11,2021-8-13 11:58:13
28.28,1007.11,53.50,-1.33,1274.86,2021-8-13 11:58:14
28.28,1007.11,53.50,-1.21,1268.47,2021-8-13 11:58:14
28.29,1007.13,53.33,-1.33,1256.21,2021-8-13 11:58:15
28.29,1007.13,53.33,-1.09,1245.03,2021-8-13 11:58:15
28.29,1007.13,53.33,-0.86,1239.70,2021-8-13 11:58:16
28.29,1007.13,53.33,-0.98,1229.05,2021-8-13 11:58:16
28.30,1007.11,53.52,-1.45,1228.25,2021-8-13 11:58:17
28.30,1007.11,53.52,-0.98,1225.05,2021-8-13 11:58:18
28.30,1007.11,53.52,-1.33,1217.86,2021-8-13 11:58:18
28.30,1007.15,53.13,-1.09,1217.06,2021-8-13 11:58:19
28.30,1007.15,53.13,-1.21,1209.87,2021-8-13 11:58:19
28.30,1007.15,53.13,-1.21,1209.87,2021-8-13 11:58:20
28.30,1007.15,53.13,-1.45,1202.68,2021-8-13 11:58:20
28.30,1007.11,53.46,-1.33,1201.35,2021-8-13 11:58:21
28.30,1007.11,53.46,-1.09,1185.10,2021-8-13 11:58:21
28.30,1007.11,53.46,-1.56,1175.78,2021-8-13 11:58:22
28.31,1007.11,53.50,-1.33,1172.85,2021-8-13 11:58:23
28.31,1007.11,53.50,-1.21,1163.00,2021-8-13 11:58:23
28.31,1007.11,53.50,-1.45,1157.67,2021-8-13 11:58:24
28.31,1007.11,53.50,-1.33,1144.09,2021-8-13 11:58:24
28.30,1007.11,53.45,-1.33,1136.36,2021-8-13 11:58:25
28.30,1007.11,53.45,-1.21,1128.91,2021-8-13 11:58:25
28.30,1007.11,53.45,-1.33,1124.38,2021-8-13 11:58:26
28.30,1007.11,53.45,-1.33,1123.58,2021-8-13 11:58:26
28.30,1007.10,53.53,-1.33,1119.85,2021-8-13 11:58:27
28.30,1007.10,53.53,-1.45,1120.38,2021-8-13 11:58:28
28.30,1007.10,53.53,-1.09,1128.91,2021-8-13 11:58:28
28.31,1007.13,53.35,-1.33,1126.78,2021-8-13 11:58:29
28.31,1007.13,53.35,-1.21,1121.45,2021-8-13 11:58:29
28.31,1007.13,53.35,-1.09,1122.78,2021-8-13 11:58:30
28.31,1007.13,53.35,-1.56,1114.26,2021-8-13 11:58:30
28.31,1007.11,53.46,-1.21,1110.26,2021-8-13 11:58:31
28.31,1007.11,53.46,-1.56,1107.33,2021-8-13 11:58:31
28.31,1007.11,53.46,-1.21,1097.75,2021-8-13 11:58:32
28.33,1007.13,53.35,-1.33,1094.02,2021-8-13 11:58:33
28.33,1007.13,53.35,-0.98,1088.69,2021-8-13 11:58:33
28.33,1007.13,53.35,-1.33,1086.29,2021-8-13 11:58:34
28.33,1007.13,53.35,-1.09,1087.89,2021-8-13 11:58:34
28.33,1007.11,53.49,-1.80,1092.68,2021-8-13 11:58:35
28.33,1007.11,53.49,-1.33,1094.28,2021-8-13 11:58:35
